CTV1
AnM2022Vo 12-13 and cursive, 1, 0, 2, 1, 1, 1, 2, 2, 0, 0, 99, 1, 1, 1, 
AnW2022Zi 12-13 and cursive, 1, 0, 1, 1, 1, 1, 0, 2, 0, 0, 99, 1, 1, 1, 
An_2022Zh 12-13 and cursive, 1, 0, 1, 0, 1, 1, 0, 1, 2, 0, 99, 1, 1, 1,
ChG2022Gr 12-13 and cursive, less than five samples 
ElB2022Pa 12-13 and cursive, 1, 0, 1, 1, 1, 3, 2, 2, 0, 99, 99, 1, 1, 1, 
ElJ2022Pe 12-13 and cursive, 1, 0, 2, 0, 0, 1, 0, 2, 1, 0, 99, 1, 1, 1, 
GrA2022Ha 12-13 and cursive, 1, 0, 1, 1, 0, 1, 2, 2, 1, 0, 99, 1, 1, 1, 
IsB2022Wi 12-13 and cursive, 1, 0, 1, 2, 0, 0, 2, 1, 1, 0, 99, 2, 2, 1, 
KaA2022Da 12-13 and cursive, 1, 0, 0, 1, 0, 1, 0, 2, 0, 0, 99, 1, 1, 1, 
KaM2022Br 12-13 and cursive, 1, 0, 1, 1, 99, 1, 0, 2, 0, 0, 99, 1, 0, 0, 
LeE2022As 12-13 and cursive, 1, 0, 2, 1, 1, 1, 0, 2, 1, 0, 99, 1, 2, 2, 
LuA2022Ob 12-13 and cursive, 1, 0, 2, 1, 0, 1, 2, 1, 99, 0, 99, 1, 1, 1, 
MaR2022Ho 12-13 and cursive, 1, 0, 2, 1, 99, 0, 2, 2, 1, 0, 99, 1, 0, 0, 
NiA2022Li 12-13 and cursive, 1, 0, 2, 1, 0, 1, 2, 1, 1, 0, 99, 1, 1, 1, 
NoJ2022Ho 12-13 and cursive, 1, 0, 1, 1, 0, 1, 1, 1, 1, 0, 99, 1, 1, 1, 
OtB2022Al 12-13 and cursive, 1, 0, 1, 1, 1, 1, 2, 2, 1, 0, 99, 1, 1, 1, 
QuM2022Ho 12-13 and cursive, 1, 0, 2, 1, 0, 1, 2, 1, 0, 0, 99, 1, 1, 1, 
SaR2022Ne 12-13 and cursive, 1, 0, 1, 0, 0, 1, 0, 2, 1, 0, 0, 1, 1, 1, 
SoG2022To 12-13 and cursive, 1, 0, 1, 1, 1, 0, 2, 1, 0, 3, 0, 1, 0, 0, 
