CTV1
AlC2022La 12-13 and cursive, 1, 0, 2, 1, 1, 1, 2, 1, 0, 0, 99, 1, 1, 1, 
AlJ2022Me 12-13 and cursive, 1, 0, 2, 1, 1, 1, 2, 1, 0, 0, 99, 2, 1, 0, 
BrJ2022Pe 12-13 and cursive, 1, 0, 1, 0, 1, 3, 2, 2, 0, 0, 99, 1, 1, 1, 
BrM2022pa 12-13 and cursive, 1, 0, 2, 1, 1, 1, 2, 1, 0, 0, 99, 1, 1, 1, 
CoC2022Ho 12-13 and cursive, 1, 0, 1, 1, 1, 1, 0, 1, 1, 0, 99, 1, 1, 1, 
DyB2022Pr 12-13 and cursive, 1, 0, 1, 1, 1, 1, 0, 1, 0, 0, 99, 1, 1, 1, 
ElR2022Mo 12-13 and cursive, 1, 0, 2, 1, 1, 1, 2, 1, 0, 0, 99, 1, 1, 1, 
EmK2022Jo 12-13 and cursive, 1, 0, 2, 1, 1, 1, 2, 2, 0, 0, 99, 1, 0, 0, 
EsR2022Am 12-13 and cursive, 1, 0, 2, 1, 1, 1, 0, 1, 0, 0, 99, 1, 1, 1, 
JaE2022Ho 12-13 and cursive, 1, 0, 1, 1, 1, 1, 0, 1, 0, 0, 99, 2, 1, 0, 
JaM2022Br 12-13 and cursive, 1, 0, 1, 1, 1, 1, 2, 1, 0, 0, 99, 1, 1, 1, 
JoS2022Gr 12-13 and cursive, 1, 0, 2, 1, 1, 1, 2, 1, 0, 0, 99, 1, 1, 1, 
KaM2022Sp 12-13 and cursive, 1, 0, 2, 1, 1, 1, 2, 1, 0, 0, 99, 1, 1, 1, 
KeW2022Bl 12-13 and cursive, 1, 0, 2, 1, 1, 1, 2, 1, 0, 0, 99, 1, 1, 1, 
KyP2022Mi 12-13 and cursive, 1, 0, 2, 1, 1, 1, 2, 1, 0, 0, 99, 1, 1, 1, 
MaH2022Ab 12-13 and cursive, 1, 0, 2, 1, 1, 1, 0, 2, 0, 0, 99, 1, 1, 1, 
MaJ2022En 12-13 and cursive, 1, 0, 1, 1, 1, 1, 0, 2, 0, 0, 99, 1, 1, 1, 
MiR2022Qu 12-13 and cursive, 1, 0, 1, 0, 1, 1, 2, 1, 1, 0, 99, 1, 1, 1, 
NaK2022Rd 12-13 and cursive, 1, 0, 2, 1, 1, 1, 2, 1, 0, 0, 99, 1, 1, 1, 
RoE2022Ba 12-13 and cursive, 1, 0, 1, 1, 1, 1, 2, 2, 0, 0, 99, 1, 1, 1, 
ShJ2022Yu 12-13 and cursive, 1, 0, 1, 1, 1, 1, 0, 1, 0, 0, 99, 1, 1, 1, 
ZaJ2022Tr 12-13 and cursive, 1, 0, 1, 1, 1, 1, 2, 1, 0, 0, 99, 1, 0, 0, 
ZoA2022Ma 12-13 and cursive, 1, 0, 1, 1, 1, 1, 2, 2, 0, 0, 99, 1, 1, 1, 
