CTV1
AlM2022Bo 12-13 and cursive, 1, 0, 2, 1, 1, 1, 1, 1, 0, 0, 99, 0, 0, 0, 
AmJ2022Wi 12-13 and cursive, 1, 0, 99, 1, 1, 1, 99, 1, 0, 0, 99, 0, 0, 99, 
BeG2022Ve 12-13 and cursive, 1, 0, 2, 1, 1, 1, 99, 99, 1, 0, 99, 0, 0, 0, 
BoA2022Ib 12-13 and cursive, 1, 0, 2, 1, 0, 1, 0, 1, 0, 0, 99, 0, 0, 2, 
BoC2022Ch 12-13 and cursive, 1, 0, 2, 1, 1, 1, 0, 1, 0, 0, 99, 0, 0, 2, 
ClJ2022Wu 12-13 and cursive, 1, 0, 2, 1, 99, 1, 99, 1, 0, 99, 99, 0, 0, 99, 
DaG2022En 12-13 and cursive, 1, 0, 99, 1, 1, 1, 2, 1, 0, 1, 1, 0, 0, 2, 
ElA2022Fr 12-13 and cursive, 1, 0, 2, 1, 1, 99, 2, 1, 0, 1, 99, 2, 2, 0, 
EtJ2022Ha 12-13 and cursive, 1, 0, 2, 1, 1, 1, 99, 1, 99, 0, 99, 99, 2, 2, 
GaA2022Mu 12-13 and cursive, 1, 0, 2, 1, 1, 1, 0, 1, 0, 0, 99, 2, 2, 99, 
JaB2022Ta 12-13 and cursive, 1, 0, 2, 1, 1, 1, 2, 1, 0, 1, 99, 0, 0, 99, 
JuS2022Bo 12-13 and cursive, 1, 0, 1, 1, 1, 1, 2, 1, 0, 0, 99, 99, 0, 0, 
KaN2022Sm 12-13 and cursive, 1, 0, 2, 1, 0, 1, 2, 1, 0, 0, 99, 0, 0, 2, 
LeM2022Ha 12-13 and cursive, 1, 0, 2, 1, 1, 1, 99, 1, 1, 0, 99, 2, 2, 0, 
Ma_2022Mu 12-13 and cursive, 1, 0, 2, 1, 1, 1, 99, 1, 0, 0, 99, 99, 2, 2, 
QuT2022Sc 12-13 and cursive, 1, 0, 2, 1, 1, 1, 2, 1, 0, 0, 99, 2, 99, 0, 
SaL2022Tu 12-13 and cursive, 1, 0, 2, 2, 1, 1, 99, 1, 0, 0, 99, 0, 99, 0, 
SaM2022Ma 12-13 and cursive, 1, 0, 2, 1, 0, 1, 2, 1, 99, 0, 99, 0, 0, 0, 
ScA2022Ha 12-13 and cursive, 1, 0, 2, 1, 1, 1, 2, 1, 0, 0, 99, 2, 2, 99, 
ShD2022We 12-13 and cursive, 1, 0, 2, 2, 0, 1, 0, 99, 1, 0, 99, 2, 0, 0, 
SiS2022Sa 12-13 and cursive, 1, 0, 2, 1, 1, 1, 99, 1, 0, 0, 99, 0, 99, 2, 
TyJ2022Ha 12-13 and cursive, 1, 0, 2, 1, 0, 99, 99, 1, 0, 0, 99, 99, 0, 0, 
