CTV1
AlO2021Mo printing, 1, 1, 0, 0, 0, 1, 1, 0, 3, 1, 99, 1, 0, 0, 
BaM2021Ot printing, 1, 1, 0, 0, 0, 0, 0, 0, 3, 0, 99, 2, 0, 0, 
BrK2021Re printing, 1, 1, 0, 1, 0, 1, 1, 0, 1, 1, 99, 0, 0, 0, 
ChM2021Fa printing, 1, 1, 0, 1, 0, 1, 1, 3, 3, 0, 99, 1, 0, 0, 
CoM2021Le printing, 1, 1, 0, 0, 0, 0, 1, 0, 1, 1, 99, 1, 0, 0, 
ElB2021Ig printing LESS THAN 5, 
GaS2021Mo printing, 1, 1, 0, 0, 0, 0, 0, 0, 3, 0, 99, 0, 0, 0, 
HaG2021An printing, 1, 1, 0, 0, 0, 1, 1, 0, 3, 1, 99, 0, 0, 0, 
HeJ2021Ga printing, 1, 1, 0, 0, 0, 0, 0, 0, 3, 1, 99, 1, 0, 0, 
JoH2021Go printing, 1, 1, 0, 0, 0, 3, 1, 0, 3, 0, 99, 0, 0, 0, 
KiD2021Au printing, 1, 1, 0, 0, 0, 0, 0, 0, 0, 1, 99, 0, 0, 0, 
KyL2021Ve printing, 1, 1, 0, 0, 0, 1, 1, 0, 3, 0, 99, 2, 0, 0, 
LiM2021Ne printing, 1, 1, 0, 0, 0, 1, 1, 0, 1, 1, 99, 0, 0, 1, 
LiM2021Ro printing, 1, 1, 0, 0, 0, 0, 1, 0, 3, 0, 99, 1, 0, 0, 
LuA2021Ne printing, 1, 1, 0, 0, 0, 1, 1, 0, 3, 0, 99, 2, 0, 0, 
MaH2021Ci printing, 1, 1, 0, 0, 0, 99, 1, 2, 3, 1, 99, 0, 0, 2, 
MeJ2021Ci printing, 1, 1, 0, 0, 0, 1, 1, 0, 3, 0, 99, 1, 0, 0, 
Mu_2021Ab printing, 1, 1, 0, 0, 0, 0, 0, 0, 3, 0, 99, 1, 0, 0, 
RaT2021Ru printing, 1, 1, 0, 0, 0, 0, 0, 0, 3, 0, 99, 1, 0, 0, 
RiR2021Th printing, 1, 1, 0, 1, 0, 3, 1, 0, 3, 1, 99, 2, 0, 0, 
SeW2021Bo printing, 1, 1, 0, 0, 0, 0, 0, 0, 2, 1, 0, 1, 0, 0, 
St 2022Ch printing, 1, 1, 0, 0, 0, 3, 1, 0, 3, 1, 0, 0, 1, 2, 
ViB2021Co printing, 1, 1, 0, 0, 0, 1, 1, 0, 1, 1, 99, 2, 1, 0, 
unnamed   printing, 1, 1, 0, 1, 0, 1, 1, 3, 3, 0, 99, 0, 1, 2, 
