CTV1
AbL2021Fo printing NONE
AcW2021Fo printing, 1, 1, 0, 1, 0, 3, 0, 0, 3, 0, 99, 0, 0, 0, 
AdH2021Ti printing, 1, 1, 0, 1, 0, 1, 0, 3, 3, 0, 99, 2, 0, 0, 
AlL2021Sc printing, 1, 1, 0, 1, 0, 1, 1, 0, 3, 0, 99, 1, 0, 0, 
AsJ2021Sm printing, 1, 1, 0, 0, 0, 1, 1, 0, 3, 0, 99, 1, 0, 0, 
CyI2021Va printing, 1, 1, 0, 0, 0, 1, 1, 0, 2, 1, 99, 0, 0, 0, 
DaC2021Ki printing, 1, 1, 0, 1, 1, 5, 1, 0, 3, 0, 99, 0, 0, 0, 
DoA2021Cu printing, 1, 1, 0, 0, 0, 1, 1, 0, 3, 0, 99, 2, 2, 2, 
DyJ2021Bl printing, 1, 1, 0, 0, 0, 1, 1, 0, 0, 1, 99, 0, 1, 2, 
ElL2021Ta printing, 1, 1, 0, 0, 0, 1, 0, 0, 3, 0, 99, 2, 0, 0, 
EvL2021Fu printing, 1, 1, 0, 0, 0, 1, 1, 0, 2, 1, 99, 2, 1, 0, 
FrP2021An printing, 1, 1, 0, 0, 0, 1, 1, 0, 3, 0, 99, 1, 0, 0, 
JaB2021Le printing, 1, 1, 0, 0, 0, 1, 1, 0, 1, 1, 99, 1, 0, 0, 
JoA2021Yo printing, 1, 1, 0, 0, 0, 1, 1, 0, 3, 0, 99, 0, 0, 0, 
LuT2021Lu printing, 1, 1, 0, 0, 0, 1, 1, 0, 2, 1, 99, 2, 0, 0, 
QiR2021Mo printing, 1, 1, 0, 0, 0, 1, 0, 0, 3, 0, 99, 2, 99, 0, 
QuO2021Oc printing, 1, 1, 3, 4, 0, 1, 1, 0, 1, 1, 0, 0, 0, 0, 
ReA2021My printing NONE
RyA2021Li printing, 1, 1, 0, 4, 0, 1, 1, 3, 3, 0, 99, 0, 0, 1, 
SaC2021So printing, 1, 1, 0, 0, 0, 1, 1, 0, 1, 1, 99, 0, 0, 0, 
SaM2021Co printing, 1, 1, 0, 0, 0, 1, 1, 0, 3, 0, 99, 1, 0, 0, 
SoG2021Na printing, 1, 1, 0, 1, 0, 0, 0, 0, 2, 1, 99, 1, 0, 0, 
Su 2021Ki printing, 1, 1, 0, 0, 0, 1, 0, 0, 3, 0, 99, 1, 0, 0, 
SyA2021Br printing, 1, 1, 0, 0, 0, 1, 1, 0, 1, 1, 99, 1, 2, 2, 
