CTV1
AlA2022Ro 12-13 and printing, 1, 1, 0, 0, 0, 1, 0, 0, 3, 1, 99, 2, 0, 0, 
AlM2022Mu 12-13 and printing, 1, 1, 0, 0, 0, 4, 0, 0, 3, 0, 99, 1, 1, 0, 
AlM2022Va 12-13 and printing, 1, 1, 0, 2, 0, 1, 1, 0, 1, 1, 99, 0, 0, 0, 
AsC2022Sm 12-13 and printing, 1, 1, 0, 0, 0, 3, 1, 0, 3, 1, 99, 1, 0, 0, 
BrE2022Ba 12-13 and printing, 1, 1, 0, 0, 0, 1, 1, -1, 1, 0, 99, 1, 0, 0, 
BrR2022Ba 12-13 and printing, 1, 1, 1, 4, 0, 1, 1, 99, 99, 1, 99, 1, 1, 1, 
BrT2022To 12-13 and printing, 1, 1, 0, 1, 0, 1, 0, 0, 1, 1, 99, 1, 1, 1, 
CaA2022Ki 12-13 and printing, 1, 1, 0, 0, 0, 4, 0, 0, 1, 0, 99, 1, 0, 0, 
DaK2022Va 12-13 and printing, 1, 1, 0, 0, 0, 1, 0, 0, 3, 0, 99, 0, 0, 0, 
EmJ2022Sl 12-13 and printing, 1, 1, 0, 1, 0, 1, 1, 0, 1, 1, 99, 1, 1, 0, 
He_2022We 12-13 and printing, 1, 1, 0, 1, 0, 1, 1, 1, 3, 1, 99, 1, 1, 1, 
IsJ2022Mu 12-13 and printing, 1, 1, 0, 0, 0, 1, 0, 0, 3, 0, 99, 1, 1, 1, 
IzS2022Mu 12-13 and printing, 1, 1, 0, 0, 0, 2, 1, 0, 3, 1, 99, 1, 0, 0, 
JaC2022Ca 12-13 and printing, 1, 1, 0, 1, 0, 1, 1, 0, 1, 0, 99, 1, 1, 1, 
JaH2022We 12-13 and printing, 1, 1, 0, 0, 0, 4, 0, 0, 1, 1, 99, 1, 1, 1, 
JaM2022Sa 12-13 and printing, 1, 1, 0, 0, 0, 4, 0, 0, 1, 0, 99, 1, 1, 0, 
MeG2022Fr 12-13 and printing, 1, 1, 0, 1, 0, 1, 0, 1, 3, 1, 99, 1, 0, 0, 
PaL2022Fl 12-13 and printing, 1, 1, 0, 1, 0, 1, 0, 0, 1, 1, 99, 1, 1, 1, 
RaO2022Kh 12-13 and printing, 1, 1, 0, 1, 0, 1, 0, 0, 1, 0, 99, 1, 1, 1, 
RiA222He 12-13 and printing, 1, 1, 0, 1, 0, 1, 0, 0, 1, 0, 99, 1, 1, 1, 
RiM2022No 12-13 and printing, 1, 1, 0, 1, 0, 2, 0, 0, 2, 1, 99, 1, 0, 1, 
ShF2022Ku 12-13 and printing, 1, 1, 0, 1, 0, 1, 0, 99, 3, 99, 99, 2, 1, 0, 
Th_2022Ja 12-13 and printing, 1, 1, 0, 0, 0, 1, 0, 0, 1, 0, 99, 1, 0, 0, 
YiF2022Gu 12-13 and printing, 1, 1, 0, 1, 0, 4, 0, 0, 0, 1, 99, 1, 1, 1, 
