CTV1
CaD2022SP 12-13 and printing, 1, 1, 0, 0, 0, 4, 1, 0, 99, 0, 99, 1, 0, 0, 
ChP2022Fo 12-13 and printing, 1, 1, 0, 1, 0, 1, 1, 0, 1, 0, 99, 99, 1, 99, 
CoJ2022Mo 12-13 and printing, 1, 1, 0, 1, 0, 1, 1, 0, 1, 0, 99, 0, 1, 2, 
DiK2022Yi 12-13 and printing, 1, 1, 0, 0, 0, 99, 1, 0, 3, 0, 99, 1, 99, 99, 
EdJ2022Pu 12-13 and printing, 1, 1, 0, 1, 0, 99, 1, 99, 99, 0, 99, 1, 1, 1, 
ElA2022Fl 12-13 and printing, 1, 1, 0, 1, 0, 1, 1, 0, 1, 0, 99, 1, 1, 1, 
ElR2022He 12-13 and printing, 1, 1, 0, 1, 0, 1, 1, 99, 1, 1, 99, 1, 1, 1, 
EmF2022Au 12-13 and printing, 1, 1, 0, 1, 0, 1, 1, 0, 2, 1, 99, 1, 0, 0, 
EvI2-22Ro 12-13 and printing, 1, 1, 0, 1, 0, 1, 1, 0, 1, 0, 99, 1, 1, 1, 
IsA2022Jo 12-13 and printing, 1, 1, 0, 1, 0, 99, 1, 0, 2, 1, 99, 1, 1, 1, 
LoR2022Mu 12-13 and printing, 1, 1, 0, 1, 0, 1, 1, 0, 1, 0, 99, 0, 1, 2, 
MaN2022St 12-13 and printing, 1, 1, 0, 1, 0, 1, 1, 0, 1, 0, 99, 99, 99, 99, 
Man2022Wh 12-13 and printing, 1, 1, 0, 1, 0, 1, 1, 0, 1, 1, 99, 1, 1, 1, 
MeE2022Sc 12-13 and printing, 1, 1, 0, 1, 0, 1, 1, 0, 1, 1, 1, 1, 1, 1, 
NyJ2022Co 12-13 and printing, 1, 1, 0, 1, 0, 1, 0, 0, 3, 0, 99, 1, 0, 0, 
RyM2022Si 12-13 and printing, 1, 1, 0, 1, 0, 1, 1, 0, 1, 0, 99, 0, 1, 2, 
SaC2022Mo12-13 and printing, 1, 1, 0, 1, 0, 1, 1, 0, 99, 1, 99, 1, 99, 2, 
SaJ2022Ha 12-13 and printing, 1, 1, 0, 1, 0, 99, 1, 0, 1, 1, 99, 99, 99, 99, 
