CTV1
AlC2022La 12-13 and printing, 1, 1, 0, 1, 0, 1, 1, 0, 1, 1, 99, 1, 0, 0, 
BrJ2022Pe 12-13 and printing, 1, 1, 0, 1, 0, 1, 1, 0, 1, 1, 99, 1, 1, 1, 
BrM2022Pa 12-13 and printing, 1, 1, 0, 1, 0, 1, 0, 0, 1, 1, 99, 0, 1, 2, 
CoC2022Ho 12-13 and printing, 1, 1, 0, 1, 0, 1, 1, 0, 1, 0, 99, 1, 1, 1, 
DyB2022Pr 12-13 and printing, 1, 1, 0, 1, 0, 1, 1, 0, 1, 0, 99, 1, 1, 1, 
ElR2022Mo 12-13 and printing, 1, 1, 0, 1, 0, 1, 1, 0, 3, 1, 99, 1, 0, 0, 
EmK2022Jo 12-13 and printing, 1, 1, 0, 0, 0, 1, 1, 0, 1, 1, 99, 0, 0, 1, 
EsR2022Am 12-13 and printing, 1, 1, 0, 1, 0, 1, 1, 0, 1, 1, 99, 1, 0, 0, 
JaE2022Ho 12-13 and printing, 1, 1, 0, 1, 0, 1, 1, 0, 1, 0, 99, 1, 1, 1, 
JaM2022Br 12-13 and printing, 1, 1, 0, 1, 0, 1, 1, 0, 1, 1, 99, 1, 1, 1, 
JoS2022Gr 12-13 and printing, 1, 1, 1, 4, 0, 1, 1, 0, 1, 0, 99, 1, 1, 1, 
KaM2022Sp 12-13 and printing, 1, 1, 0, 0, 0, 1, 1, 0, 1, 1, 99, 1, 0, 0, 
KeW2022Bl 12-13 and printing, 1, 1, 0, 1, 0, 1, 0, 2, 1, 0, 99, 2, 1, 0, 
KyP2022Mi 12-13 and printing, 1, 1, 5, 4, 0, 1, 0, 0, 1, 0, 99, 1, 1, 1, 
MaJ2022En 12-13 and printing, 1, 1, 0, 1, 0, 1, 1, 0, 1, 1, 99, 2, 2, 1, 
NaK2022Rd 12-13 and printing, 1, 1, 3, 4, 0, 1, 0, 1, 3, 1, 99, 1, 0, 0, 
RoE2022Ba 12-13 and printing, 1, 1, 0, 0, 0, 1, 1, 0, 1, 0, 99, 1, 1, 1, 
ShJ2022Yu 12-13 and printing, 1, 1, 5, 4, 0, 1, 1, 1, 3, 1, 99, 1, 1, 1, 
ZaJ2022Tr 12-13 and printing, 1, 1, 0, 1, 1, 5, 1, 0, 1, 0, 99, 0, 0, 1, 
Zo2022Ma 12-13 and printing, 1, 1, 0, 1, 0, 1, 1, 0, 1, 1, 99, 1, 1, 1, 
