CTV1
AiJ2022Ch 12-13 and printing, 1, 1, 0, 1, 0, 1, 1, 0, 3, 1, 99, 0, 0, 0, 
AlD2022Do 12-13 and printing, 1, 1, 0, 1, 0, 4, 1, 0, 3, 1, 99, 1, 0, 0, 
AnR2022Cm 12-13 and printing, 1, 1, 0, 0, 0, 4, 1, 1, 3, 1, 99, 1, 1, 1, 
BrC2022Oc 12-13 and printing, 1, 1, 0, 0, 0, 1, 1, 1, 3, 1, 99, 1, 0, 0, 
BrM2022CH 12-13 and printing, 1, 1, 0, 1, 0, 1, 1, 0, 3, 1, 99, 2, 1, 0, 
BrT2022La 12-13 and printing, 1, 1, 0, 1, 0, 1, 1, 0, 1, 1, 99, 0, 1, 2, 
CaM2022En 12-13 and printing, 1, 1, 0, 1, 0, 1, 1, 0, 1, 0, 99, 1, 1, 1, 
EmA2022Bi 12-13 and printing, 1, 1, 0, 1, 0, 1, 1, 0, 3, 0, 99, 1, 0, 0, 
HuD2022Ly 12-13 and printing, 1, 1, 0, 1, 0, 3, 0, 0, 1, 1, 99, 1, 1, 1, 
JeA2022Ma 12-13 and printing, 1, 1, 0, 0, 0, 1, 1, 0, 1, 0, 99, 1, 0, 0, 
KaL2022Ul 12-13 and printing, 1, 1, 0, 1, 0, 1, 1, 0, 1, 1, 99, 1, 0, 0, 
KyE2022Wo 12-13 and printing, 1, 1, 0, 1, 0, 1, 1, 0, 1, 1, 99, 1, 1, 1, 
LiB2022Le 12-13 and printing, 1, 1, 0, 0, 0, 1, 1, 0, 1, 1, 99, 1, 0, 0, 
MaE2022Si 12-13 and printing, 1, 1, 1, 4, 0, 1, 1, 1, 3, 1, 99, 1, 0, 0, 
MaR2022Pr 12-13 and printing, 1, 1, 0, 1, 0, 1, 1, 0, 1, 0, 99, 1, 1, 1, 
OlR2022Fa 12-13 and printing, 1, 1, 0, 1, 0, 1, 1, 0, 1, 0, 99, 1, 1, 1, 
OlR2022Hu 12-13 and printing, 1, 1, 0, 1, 0, 1, 0, 0, 1, 0, 99, 1, 1, 1, 
PaA2022So 12-13 and printing, 1, 1, 0, 0, 0, 1, 1, 0, 1, 1, 99, 1, 0, 0, 
PaG2022Ta 12-13 and printing, 1, 1, 0, 0, 0, 1, 1, 0, 1, 1, 99, 1, 0, 0, 
RaL2022Sc 12-13 and printing, 1, 1, 0, 1, 0, 1, 1, 0, 1, 1, 99, 1, 1, 1, 
RoM2022Le 12-13 and printing, 1, 1, 0, 1, 0, 1, 1, 0, 1, 1, 99, 1, 1, 1, 
SaJ2022Bi 12-13 and printing, 1, 1, 0, 1, 0, 1, 1, 0, 1, 1, 99, 1, 0, 0, 
StM2022Ne 12-13 and printing, 1, 1, 0, 1, 0, 4, 1, 0, 1, 1, 99, 1, 1, 1, 
SyM2022Ko 12-13 and printing, 1, 1, 0, 1, 0, 1, 1, 0, 1, 0, 99, 1, 1, 1, 
