CTV1
AaC2022Le 12-13 and printing, 1, 1, 0, 0, 0, 1, 0, 0, 1, 0, 99, 1, 0, 0, 
AlG2022We 12-13 and printing, 1, 1, 0, 1, 0, 1, 1, 0, 1, 0, 99, 1, 0, 0, 
AnM2022Qu 12-13 and printing, 1, 1, 0, 1, 0, 1, 1, 0, 1, 1, 99, 1, 1, 1, 
AvS2022Fr 12-13 and printing, 1, 1, 0, 1, 0, 3, 1, 0, 3, 1, 99, 1, 0, 0, 
CoP2022Da 12-13 and printing, 1, 1, 0, 0, 1, 5, 0, 0, 3, 1, 99, 1, 0, 0, 
DeM2022Br 12-13 and printing, 1, 1, 1, 4, 0, 1, 0, 0, 3, 1, 99, 1, 0, 0, 
ElR2022Ka 12-13 and printing, 1, 1, 0, 1, 0, 1, 1, 0, 1, 1, 99, 1, 1, 1, 
ElS2022Fl 12-13 and printing, 1, 1, 0, 1, 0, 1, 1, 0, 1, 1, 99, 1, 1, 1, 
GaS2022Ra 12-13 and printing, 1, 1, 0, 0, 0, 1, 1, 0, 1, 0, 99, 0, 0, 1, 
GrK2022We 12-13 and printing, 1, 1, 0, 1, 0, 1, 1, 0, 2, 1, 99, 1, 1, 1, 
HoN2022Ba 12-13 and printing, 1, 1, 0, 1, 0, 1, 1, 0, 1, 0, 99, 1, 0, 0, 
IsG2022Fo 12-13 and printing, 1, 1, 0, 1, 0, 1, 1, 1, 3, 1, 99, 1, 1, 1, 
KaE2022Th 12-13 and printing, 1, 1, 0, 0, 0, 1, 0, 0, 1, 0, 99, 1, 0, 0, 
LaP2022Cr 12-13 and printing, 1, 1, 0, 0, 0, 3, 1, 4, 3, 0, 99, 0, 1, 2, 
LiG2022Yo 12-13 and printing, 1, 1, 0, 1, 0, 4, 1, 0, 1, 0, 99, 1, 0, 0, 
LyR2022Ba 12-13 and printing, 1, 1, 0, 1, 0, 1, 1, 0, 1, 1, 99, 1, 1, 1, 
MaC2022Ba 12-13 and printing, 1, 1, 0, 1, 0, 1, 1, 0, 1, 1, 99, 1, 0, 0, 
MaE2022Si 12-13 and printing, 1, 1, 0, 1, 0, 1, 1, 1, 3, 1, 99, 1, 1, 1, 
MaR2022Va 12-13 and printing, 1, 1, 0, 1, 0, 4, 1, 0, 1, 0, 99, 1, 0, 0, 
SaH2022Va 12-13 and printing, 1, 1, 0, 1, 0, 4, 1, 0, 2, 1, 99, 1, 1, 1, 
SaL2022Ed 12-13 and printing, 1, 1, 0, 0, 0, 1, 0, 0, 1, 0, 99, 2, 0, 0, 
SoJ2022Go 12-13 and printing, 1, 1, 0, 1, 0, 1, 1, 0, 1, 0, 99, 1, 1, 1, 
WiD2022Ha 12-13 and printing, 1, 1, 0, 1, 0, 1, 1, 0, 1, 1, 99, 1, 1, 1, 
