CTV1
AbS2022Jo 12-13 and printing, 1, 1, 0, 2, 0, 1, 1, 0, 1, 0, 99, 1, 0, 0, 
AlJ2022Wu 12-13 and printing, 1, 1, 0, 1, 0, 1, 1, 0, 1, 0, 99, 1, 0, 0, 
AnD2022Mi 12-13 and printing, 1, 1, 0, 1, 0, 1, 1, 0, 1, 0, 99, 1, 0, 0, 
AnM2022Si 12-13 and printing, 1, 1, 0, 1, 0, 1, 0, 0, 1, 0, 99, 1, 1, 1, 
BlA2022Ko 12-13 and printing, 1, 1, 0, 1, 0, 4, 1, 0, 1, 0, 99, 1, 0, 0, 
BrL2022Ka 12-13 and printing, 1, 1, 0, 0, 0, 1, 0, 4, 1, 0, 99, 2, 2, 2, 
CaE2022Ol 12-13 and printing, 1, 1, 0, 1, 0, 1, 0, 0, 1, 0, 99, 2, 0, 0, 
ChN2022Ne 12-13 and printing, 1, 1, 0, 1, 1, 5, 1, 0, 1, 0, 99, 1, 0, 0, 
CoJ2022Sa 12-13 and printing, 1, 1, 0, 0, 1, 5, 1, 0, 1, 0, 99, 1, 0, 0, 
DaM2022Bo 12-13 and printing, 1, 1, 0, 1, 0, 1, 1, 0, 2, 1, 99, 1, 1, 1, 
DaV2022Pe 12-13 and printing, 1, 1, 3, 4, 0, 1, 1, 0, 1, 0, 99, 0, 0, 0, 
FiM2022Do 12-13 and printing, 1, 1, 1, 4, 0, 1, 0, 1, 3, 1, 99, 1, 1, 1, 
HaV2022Me 12-13 and printing, 1, 1, 0, 0, 0, 1, 0, 0, 1, 0, 99, 1, 2, 2, 
KaG2022Ma 12-13 and printing, 1, 1, 0, 1, 0, 1, 1, 0, 1, 1, 99, 1, 1, 1, 
KaM2022Te 12-13 and printing, 1, 1, 0, 1, 0, 1, 1, 0, 1, 1, 99, 1, 1, 1, 
LeB2022Be 12-13 and printing, 1, 1, 0, 1, 0, 4, 0, 0, 3, 1, 99, 1, 1, 1, 
LiK2022Ya 12-13 and printing, 1, 1, 0, 1, 0, 1, 1, 0, 1, 1, 99, 1, 1, 1, 
MaJ2022Ko 12-13 and printing, 1, 1, 0, 1, 0, 1, 1, 0, 1, 0, 99, 1, 1, 1, 
MaP2022Ol 12-13 and printing, 1, 1, 0, 1, 0, 1, 1, 0, 1, 0, 99, 1, 1, 1, 
MoL2022Ma 12-13 and printing, 1, 1, 0, 1, 0, 1, 1, 0, 1, 1, 99, 2, 1, 0, 
NaL2022Kh 12-13 and printing, 1, 1, 0, 0, 0, 1, 1, 0, 1, 1, 99, 1, 1, 1, 
SeS2022Oh 12-13 and printing, 1, 1, 0, 1, 0, 1, 1, 0, 1, 0, 99, 1, 0, 0, 
StJ2022Mo 12-13 and printing, 1, 1, 1, 4, 0, 1, 1, 1, 3, 1, 99, 1, 1, 1, 
