AlP2022Hu 12-13 and cursive, 0, 1, 1, 1, 1, 2, 1, 0, 0, 2, 3, 3, 3, 
AlP2022Hu 12-13 and printing, 1, 0, 1, 0, 1, 1, 0, 1, 0, 2, 0, 0, 0, 
AlT2022Va 12-13 and cursive, 0, 2, 1, 1, 1, 0, 1, 0, 0, 2, 0, 0, 0, 
AlT2022Va 12-13 and printing, 1, 0, 1, 0, 1, 1, 0, 1, 0, 2, 0, 0, 0, 
AnC2022So 12-13 and cursive, 0, -1, -1, -1, -1, -1, -1, -1, -1, -1, -1, -1, -1, 
AnC2022So 12-13 and printing, 1, 0, 1, 0, 1, 0, 0, 1, 0, 1, 0, 2, 2, 
AnL2022Mo 12-13 and cursive, 0, 2, 1, 1, 1, 0, 2, 0, 1, 2, 0, 0, 0, 
AnL2022Mo 12-13 and printing, 1, 0, 1, 0, 1, 1, 0, 4, 1, 2, 0, 0, 0, 
AvN2022Sc 12-13 and cursive, 0, 2, 1, 0, 1, 3, 1, 3, 0, 2, 0, 0, 2, 
AvN2022Sc 12-13 and printing, 1, 0, 1, 0, 1, 1, 0, 1, 1, 2, 0, 0, 2, 
EdJ2022Gr 12-13 and cursive, 0, 2, 1, 1, 0, 0, 1, 1, 0, 2, 0, 2, 1, 
EdJ2022Gr 12-13 and printing, 1, 0, 1, 0, 1, 0, 0, 1, 0, 2, 0, 3, 2, 
HaG2022Ma 12-13 and cursive, 0, 2, 1, 1, 1, 2, 1, 1, 0, 2, 0, 0, 2, 
HaG2022Ma 12-13 and printing, 1, 0, 1, 0, 1, 1, 0, 0, 1, 2, 3, 0, 0, 
JoY2022Ya 12-13 and cursive, 0, 3, 1, 0, 1, 3, 1, 0, 0, 2, 3, 0, 3, 
JoY2022Ya 12-13 and printing, 1, 0, 0, 0, 0, 1, 0, 5, 1, 2, 0, 0, 0, 
KeR2022Mo 12-13 and cursive, 0, 2, 1, 1, 0, 1, 1, 0, 0, 2, 0, 0, 0, 
KeR2022Mo 12-13 and printing, 1, 0, 1, 0, 0, 0, 0, 1, 1, 2, 2, 0, 0, 
LiR2022Or 12-13 and cursive, 0, 2, 1, 0, 1, 3, 1, 0, 4, 2, 0, 0, 0, 
LiR2022Or 12-13 and printing, 1, 0, 1, 0, 1, 1, 0, 1, 1, 2, 0, 0, 3, 
LoE2022Ry 12-13 and cursive, 0, 2, 1, 1, 0, 2, 1, 0, 0, 2, 2, 3, 3, 
LoE2022Ry 12-13 and printing, 1, 0, 1, 0, 1, 0, 1, 4, 2, 2, 2, 0, 0, 
MaA2022My 12-13 and cursive, 0, 2, 4, 1, 1, 0, 2, 1, 0, 2, 3, 0, 0, 
MaA2022My 12-13 and printing, 1, 0, 1, 0, 1, 1, 0, 1, 1, 2, 0, 0, 3, 
MeL2022He 12-13 and cursive, 0, 1, 1, 0, 1, 3, 3, 0, 0, 2, 3, 2, 3, 
MeL2022He 12-13 and printing, 1, 0, 1, 0, 1, 1, 0, 1, 1, 2, 0, 0, 1, 
MuJ2022Ad 12-13 and cursive, 0, 2, 1, 1, 4, 0, 1, 0, 0, 2, 2, 0, 0, 
MuJ2022Ad 12-13 and printing, 1, 0, 1, 0, 1, 1, 0, 1, 0, 2, 2, 0, 0, 
NoR2022Dr 12-13 and cursive, 0, 3, 1, 1, 1, 0, 3, 0, 0, 2, 3, 3, 3, 
NoR2022Dr 12-13 and printing, 1, 0, 5, 0, 1, 2, 0, 1, 0, 2, 0, 0, 2, 
Pa_2022Pr 12-13 and cursive, 0, 2, 1, 0, 1, 3, 1, 0, 2, 2, 0, 0, 3, 
Pa_2022Pr 12-13 and printing, 1, 0, 1, 0, 1, 1, 0, 1, 1, 2, 2, 0, 0, 
PiJ2022Gr 12-13 and cursive, 0, 1, 1, 1, 1, 0, 2, 0, 0, 2, 2, 0, 0, 
PiJ2022Gr 12-13 and printing, 1, 0, 1, 0, 1, 1, 0, 1, 1, 2, 0, 0, 2, 
Sh_2022Wa 12-13 and cursive, 0, 2, 1, 1, 1, 3, 1, 0, 2, 2, 0, 2, 2, 
Sh_2022Wa 12-13 and printing, 1, 0, 1, 0, 1, 0, 0, 1, 0, 2, 0, 0, 0, 
SoJ2022Th 12-13 and cursive, 0, -1, -1, -1, -1, -1, -1, -1, -1, -1, -1, -1, -1, 
SoJ2022Th 12-13 and printing, 1, 1, 4, 0, 3, 2, 0, 3, 0, 2, 0, 0, 3, 
Ti_2022Ch 12-13 and cursive, 0, 2, 1, 1, 1, 0, 2, 1, 4, 2, 2, 3, 0, 
Ti_2022Ch 12-13 and printing, 1, 0, 1, 0, 1, 1, 0, 0, 0, 2, 0, 0, 2, 
TyJ2022Ma 12-13 and cursive, 0, 1, 1, 1, 0, 0, 1, 0, 0, 2, 0, 0, 0, 
TyJ2022Ma 12-13 and printing, 1, 0, 1, 0, 1, 0, 0, 5, 0, 2, 3, 0, 0, 
