CTV1
AbL2021To 12-13 and printing, 1, 1, 0, 1, 1, 5, 1, 0, 1, 1, 99, 1, 1, 1, 
AbR2021Do12-13 and printing, 1, 1, 0, 1, 0, 1, 1, 0, 1, 1, 99, 1, 1, 1, 
AcW2021Fo12-13 and printing, 1, 1, 0, 1, 0, 3, 1, 0, 3, 0, 99, 0, 0, 1, 
AlD2021Ha12-13 and printing, 1, 1, 0, 1, 0, 4, 1, 0, 1, 0, 99, 1, 1, 1, 
AlH2021Au 12-13 and printing, 1, 1, 0, 0, 0, 1, 1, 0, 3, 1, 99, 1, 0, 0, 
AsE2021Kv12-13 and printing, 1, 1, 0, 1, 0, 1, 1, 0, 2, 1, 99, 2, 1, 0, 
AvC2021Di12-13 and printing, 1, 1, 0, 1, 0, 4, 1, 1, 3, 1, 99, 1, 1, 1, 
BrG2021Ar 12-13 and printing, 1, 1, 0, 0, 0, 1, 1, 0, 1, 1, 99, 1, 1, 1, 
CaL2021Ba12-13 and printing, 1, 1, 0, 0, 1, 5, 1, 0, 1, 0, 99, 1, 0, 0, 
DaC2021Ki 12-13 and printing, 1, 1, 0, 1, 0, 1, 1, 0, 1, 0, 99, 1, 1, 1, 
ErA202112-13 and printing, 1, 1, 0, 0, 0, 1, 1, 0, 1, 0, 99, 2, 2, 1, 
GwN2021Ya12-13 and printing, 1, 1, 0, 1, 0, 1, 1, 0, 1, 0, 99, 1, 0, 0, 
