AbD2021Mu 12-13 and cursive, 0, 1, 1, 0, 4, 3, 2, 0, 4, 2, 0, 0, 2, 
AbD2021Mu 12-13 and printing, 1, 0, 1, 0, 1, 1, 0, 1, 0, 2, 0, 0, 0, 
AnC2021Ce 12-13 and cursive, 0, 1, 1, 1, 0, 0, 3, 0, 3, 2, 2, 0, 0, 
AnC2021Ce 12-13 and printing, 1, 0, 1, 0, 1, 1, 0, 3, 0, 2, 2, 0, 0, 
BrX2021Ni 12-13 and cursive, 0, 2, 1, 0, 1, 2, 3, 3, 3, 2, 0, 0, 0, 
BrX2021Ni 12-13 and printing, 1, 0, 1, 1, 1, 1, 0, 1, 0, 2, 0, 0, 3, 
CaW2021Jo 12-13 and cursive, 0, -1, -1, -1, -1, -1, -1, -1, -1, -1, -1, -1, -1, 
CaW2021Jo 12-13 and printing, 1, 0, 0, 0, 1, 1, 0, 0, 1, 2, 0, 0, 3, 
DmM2021Ra 12-13 and cursive, 0, 1, 1, 1, 1, 2, 2, 1, 4, 2, 0, 0, 2, 
DmM2021Ra 12-13 and printing, 1, 0, 1, 0, 1, 1, 0, 1, 1, 2, 0, 0, 3, 
EmR2021Pr 12-13 and cursive, 0, 2, 1, 1, 1, 0, 3, 0, 4, 2, 0, 0, 3, 
EmR2021Pr 12-13 and printing, 1, 0, 1, 0, 1, 1, 0, 1, 1, 0, 0, 0, 2, 
EtK2021Qu 12-13 and cursive, 0, 1, 1, 1, 1, 0, 2, 0, 0, 2, 2, 0, 0, 
EtK2021Qu 12-13 and printing, 1, 0, 1, 0, 3, 1, 0, 5, 1, 2, 2, 0, 0, 
GaM2021Fr 12-13 and cursive, 0, 2, 1, 0, 3, 0, 3, 1, 3, 2, 3, 0, 0, 
GaM2021Fr 12-13 and printing, 1, 0, 0, 0, 1, 1, 1, 3, 2, 2, 2, 0, 0, 
IsJ2021Wa 12-13 and printing, 1, 0, 1, 0, 1, 0, 0, 1, 1, 2, 0, 0, 3, 
JaA2012Ko 12-13 and cursive, 0, -1, -1, -1, -1, -1, -1, -1, -1, -1, -1, -1, -1, 
JaR2021Bu 12-13 and cursive, 0, 1, 1, 1, 1, 3, 2, 0, 0, 2, 0, 2, 2, 
JaR2021Bu 12-13 and printing, 1, 0, 1, 0, 1, 1, 0, 0, 0, 2, 0, 0, 0, 
JoM2021Fa 12-13 and cursive, 0, 2, 1, 1, 1, 0, 1, 0, 0, 2, 3, 0, 0, 
JoM2021Fa 12-13 and printing, 1, 0, 1, 0, 1, 1, 0, 1, 0, 0, 0, 0, 0, 
KaA2021He 12-13 and cursive, 0, 2, 1, 1, 0, 0, 2, 0, 0, 2, 2, 3, 0, 
KaA2021He 12-13 and printing, 1, 0, 1, 0, 1, 1, 0, 2, 1, 1, 3, 0, 0, 
KaA2021Jo 12-13 and cursive, 0, 2, 1, 1, 1, 0, 0, 3, 0, 1, 0, 0, 3, 
KaA2021Jo 12-13 and printing, 1, 0, 1, 0, 1, 1, 4, 1, 1, 0, 0, 0, 0, 
KaE2021Bu 12-13 and cursive, 0, 2, 1, 1, 1, 0, 1, 0, 0, 2, 2, 0, 0, 
KaE2021Bu 12-13 and printing, 1, 0, 1, 0, 1, 1, 0, 1, 0, 0, 0, 0, 3, 
KeJ2021La 12-13 and cursive, 0, 2, 1, 1, 1, 2, 2, 0, 0, 2, 2, 2, 0, 
KeJ2021La 12-13 and printing, 1, 0, 1, 0, 1, 1, 0, 1, 1, 0, 0, 0, 0, 
LoT2021Un 12-13 and cursive, 0, 1, 1, 1, 1, 0, 3, 3, 3, 2, 0, 0, 0, 
LoT2021Un 12-13 and printing, 1, 0, 1, 0, 0, 0, 0, 3, 0, 2, 3, 0, 0, 
MaN2021Ga 12-13 and cursive, 0, 2, 1, 1, 0, 0, 1, 0, 0, 2, 0, 0, 2, 
MaN2021Ga 12-13 and printing, 1, 0, 1, 0, 1, 0, 0, 1, 0, 2, 0, 0, 0, 
MaR2021Ku 12-13 and cursive, 0, 1, 1, 0, 1, 3, 3, 1, 3, 2, 0, 0, 0, 
MaR2021Ku 12-13 and printing, 1, 0, 5, 0, 1, 1, 0, 1, 0, 2, 0, 0, 3, 
MaT2021Co 12-13 and cursive, 0, 2, 1, 1, 0, 2, 0, 0, 0, 2, 0, 0, 2, 
MiK2021Ya 12-13 and cursive, 0, 2, 1, 0, 1, 3, 1, 1, 4, 2, 0, 0, 0, 
MiK2021Ya 12-13 and printing, 1, 0, 5, 0, 1, 1, 1, 3, 2, 0, 0, 0, 2, 
ReE2021Ch 12-13 and cursives, 0, 2, 1, 0, 1, 3, 2, 1, 0, 1, 0, 0, 0, 
ReE2021Ch 12-13 and printing, 1, 0, 1, 0, 1, 1, 1, 3, 2, 2, 0, 0, 0, 
ReW2021Ca 12-13 and cursive, 0, -1, -1, -1, -1, -1, -1, -1, -1, -1, -1, -1, -1, 
ReW2021Ca 12-13 and printing, 1, 0, 1, 0, 1, 2, 0, 2, 1, 2, 2, 2, 2, 
SaA2021Az 12-13 and cursive, 0, 2, 1, 1, 1, 3, 1, 1, 0, 2, 0, 0, 2, 
SaA2021Az 12-13 and printing, 1, 0, 1, 0, 1, 1, 0, 1, 1, 1, 0, 0, 0, 
SyG2021Zu 12-13 and cursive, 0, 2, 1, 1, 1, 0, 1, 0, 0, 2, 0, 0, 0, 
SyG2021Zu 12-13 and printing, 1, 0, 1, 0, 1, 1, 0, 1, 1, 0, 0, 0, 2, 
TaO2021Lu 12-13 and cursive, 0, 2, 1, 0, 1, 3, 2, 1, 2, 2, 2, 2, 3, 
TaO2021Lu 12-13 and printing, 1, 0, 1, 0, 1, 0, 0, 0, 1, 2, 2, 3, 0, 
