CTV1
AbL2021To 12-13 and cursive, 1, 0, 1, 1, 1, 1, 0, 1, 1, 0, 99, 1, 1, 1, 
AbR2021Do12-13 and cursive, 1, 0, 2, 1, 1, 1, 0, 1, 0, 0, 99, 1, 1, 1, 
AcW2021Fo12-13 and cursive, 1, 0, 1, 1, 1, 1, 2, 1, 0, 0, 99, 2, 1, 0, 
AlD2021Ha12-13 and cursive, 1, 0, 1, 1, 1, 1, 2, 1, 0, 0, 99, 1, 1, 1, 
AlH2021Au 12-13 and cursive, 1, 0, 2, 1, 1, 1, 0, 1, 0, 0, 99, 1, 1, 1, 
AsE2021Kv12-13 and cursive, 1, 0, 1, 2, 1, 3, 2, 2, 0, 2, 99, 1, 1, 1, 
AvC2021Di12-13 and cursive, 1, 0, 2, 1, 1, 1, 0, 1, 1, 1, 99, 1, 1, 1, 
BrG2021Ar 12-13 and cursive, 1, 0, 1, 0, 1, 1, 0, 1, 0, 0, 99, 2, 1, 0, 
CaL2021Ba12-13 and cursive, 1, 0, 1, 1, 1, 1, 2, 1, 1, 0, 99, 1, 1, 1, 
ClS2021Ha12-13 and cursive, 1, 0, 1, 1, 1, 1, 2, 1, 0, 3, 99, 1, 0, 0, 
DaC2021Ki 12-13 and cursive, 1, 0, 1, 2, 1, 1, 2, 1, 1, 3, 0, 1, 0, 0, 
ErA2021Ha12-13 and cursive, 1, 0, 2, 1, 1, 1, 2, 1, 0, 0, 99, 1, 1, 1, 
GwN2021Ya12-13 and cursive, 1, 0, 1, 1, 1, 1, 0, 1, 0, 0, 99, 1, 1, 1, 
IrC2021Kw12-13 and cursive, 1, 0, 2, 1, 1, 1, 2, 1, 0, 3, 99, 1, 0, 0, 
JaC2021Wa 12-13 and cursive, 1, 0, 1, 0, 1, 1, 0, 1, 0, 0, 99, 1, 1, 1, 
JoK2021Le 12-13 and cursive, 1, 0, 1, 1, 1, 1, 2, 1, 0, 0, 0, 1, 1, 1, 
KaM2021Mo12-13 and cursive, 1, 0, 2, 1, 1, 1, 2, 1, 1, 3, 99, 1, 0, 0, 
MaK2021Be12-13 and cursive, 1, 0, 1, 1, 1, 0, 1, 1, 0, 2, 99, 1, 1, 1, 
MeE2021Co12-13 and cursive, 1, 0, 1, 1, 1, 3, 0, 1, 1, 0, 99, 1, 1, 1, 
Pr_2021Va12-13 and cursive, 1, 0, 2, 1, 1, 1, 0, 1, 1, 0, 99, 1, 1, 1, 
RaT2021Ru 12-13 and cursive, 1, 0, 1, 0, 0, 1, 0, 1, 0, 3, 99, 1, 0, 0, 
SaJ2021Pe 12-13 and cursive, 1, 0, 2, 1, 1, 1, 0, 1, 1, 0, 99, 1, 1, 1, 
SeW2021Bo12-13 and cursive, 1, 0, 2, 1, 1, 1, 2, 2, 1, 0, 99, 1, 1, 1, 
SoG2021Na 12-13 and cursive, 1, 0, 1, 1, 1, 3, 2, 1, 1, 0, 99, 1, 1, 1, 
TrP2021Wi12-13 and cursive, 1, 0, 0, 1, 1, 1, 0, 1, 0, 0, 99, 1, 1, 1, 
ViL2021Sa 12-13 and cursive, 1, 0, 1, 2, 1, 1, 0, 2, 0, 0, 99, 1, 1, 1, 
