CTV1
AdH2021Ti 12-13 and cursive, 1, 0, 1, 1, 1, 3, 1, 1, 1, 0, 99, 1, 0, 0, 
AlK2021Wa 12-13 and cursive, 1, 0, 2, 1, 1, 1, 0, 1, 1, 2, 99, 1, 1, 1, 
AnD2021Ko 12-13 and cursive, 1, 0, 1, 1, 1, 1, 0, 1, 0, 0, 99, 1, 1, 1, 
AsM2021Gr 12-13 and cursive, 1, 0, 1, 1, 1, 1, 0, 1, 0, 2, 99, 1, 1, 1, 
BaA2021Sc 12-13 and cursive, 1, 0, 1, 1, 1, 1, 0, 2, 0, 0, 99, 1, 1, 1, 
ChC2021Ro 12-13 and cursive, 1, 0, 1, 1, 1, 1, 2, 1, 1, 0, 99, 2, 1, 0, 
ChJ2021St 12-13 and cursive, 1, 0, 1, 0, 1, 1, 1, 2, 0, 0, 99, 1, 1, 1, 
DiJ221Pe 12-13 and cursive, 1, 0, 1, 1, 1, 1, 2, 1, 0, 0, 99, 1, 1, 1, 
DoA2021Cu 12-13 and cursive, 1, 0, 1, 1, 1, 1, 0, 1, 1, 3, 99, 2, 1, 0, 
DyJ2021Bl 12-13 and cursive, 1, 0, 1, 1, 1, 1, 2, 1, 0, 0, 99, 1, 1, 1, 
ElB2021Ig 12-13 and cursive, 1, 0, 2, 1, 1, 1, 0, 1, 0, 2, 99, 2, 2, 1, 
EvL2021Fu 12-13 and cursive, 1, 0, 2, 1, 1, 1, 0, 2, 0, 2, 99, 1, 0, 0, 
EvM2021Ro 12-13 and cursive, 1, 0, 2, 1, 1, 1, 2, 1, 0, 0, 99, 1, 1, 1, 
Hu_2021Ka 12-13 and cursive, 1, 0, 0, 1, 1, 1, 2, 1, 0, 0, 99, 1, 1, 1, 
JaE2021Gy 12-13 and cursive, 1, 0, 1, 1, 1, 1, 0, 1, 2, 0, 99, 1, 1, 1, 
JaJ2021De 12-13 and cursive, 1, 0, 1, 1, 1, 1, 0, 1, 0, 0, 99, 1, 1, 1, 
JaP2021Gr 12-13 and cursive, 1, 0, 2, 1, 1, 1, 0, 1, 1, 2, 99, 1, 1, 1, 
JoH2021Br 12-13 and cursive, 1, 0, 1, 1, 1, 1, 0, 1, 1, 0, 99, 1, 0, 0, 
KyL2021Ve 12-13 and cursive, 1, 0, 1, 1, 99, 1, 2, 1, 1, 1, 99, 2, 2, 1, 
LiM2021Ro 12-13 and cursive, 1, 0, 1, 1, 1, 1, 2, 1, 0, 0, 99, 1, 1, 1, 
LuT2021Lu 12-13 and cursive, 1, 0, 1, 1, 1, 1, 2, 1, 0, 0, 99, 2, 2, 1, 
MeJ2021Ci 12-13 and cursive, 1, 0, 1, 0, 1, 1, 2, 1, 1, 0, 99, 2, 1, 0, 
RyD2021Bo 12-13 and cursive, 1, 0, 0, 1, 1, 1, 2, 1, 0, 0, 99, 1, 1, 1, 
SaC2021So 12-13 and cursive, 1, 0, 1, 1, 1, 1, 2, 2, 1, 1, 99, 1, 1, 1, 
TaC2021Mc 12-13 and cursive, 1, 0, 1, 1, 1, 1, 2, 1, 2, 1, 99, 1, 1, 1, 
ThJ2021De 12-13 and cursive, 1, 0, 1, 1, 1, 1, 2, 1, 0, 0, 99, 1, 1, 1, 
Vi_2021Ng 12-13 and cursive, 1, 0, 2, 1, 1, 1, 0, 1, 0, 0, 99, 1, 1, 1, 
WiJ2021Pe 12-13 and cursive, 1, 0, 1, 1, 1, 3, 0, 1, 0, 2, 99, 1, 1, 1, 
WiW2021Sh 12-13 and cursive, 1, 0, 1, 1, 1, 1, 2, 1, 0, 2, 99, 1, 1, 1, 
