CTV1
AlI2020Kn 12-13 and printing, 1, 1, 0, 99, 0, 1, 1, 1, 3, 99, 99, 0, 0, 99, 
AlJ2020Pa 12-13 and printing, 1, 1, 0, 1, 0, 3, 1, 0, 3, 1, 99, 2, 0, 0, 
AmR2020Al 12-13 and printing, 1, 1, 0, 1, 0, 1, 0, 0, 1, 1, 99, 0, 0, 99, 
AnK2020Lo 12-13 and printing, 1, 1, 0, 2, 0, 1, 1, 0, 2, 1, 99, 0, 0, 0, 
AnM2020Mu 12-13 and printing, 1, 1, 0, 1, 0, 0, 1, 0, 1, 0, 99, 0, 0, 0, 
CaD2020Ok 12-13 and printing, 1, 1, 0, 1, 0, 1, 0, 0, 1, 0, 99, 0, 0, 0, 
ChA2020Op 12-13 and printing, 1, 1, 0, 0, 3, 5, 0, 0, 3, 0, 99, 99, 0, 0, 
CiJ2020Ea 12-13 and printing, 1, 1, 5, 0, 0, 0, 1, 0, 1, 0, 0, 0, 0, 0, 
ClF2020Ga 12-13 and printing, 1, 1, 0, 1, 0, 1, 1, 0, 1, 99, 99, 2, 2, 99, 
DaP2020La 12-13 and printing, 1, 1, 0, 0, 0, 3, 1, 0, 1, 0, 99, 0, 0, 0, 
DyT2020Ly 12-13 and printing, 1, 1, 0, 0, 0, 1, 0, 0, 0, 0, 99, 2, 0, 0, 
ElB2020Sc 12-13 and printing, 1, 1, 0, 1, 0, 1, 1, 0, 1, 0, 99, 0, 0, 0, 
ElR2020Le 12-13 and printing, 1, 1, 5, 0, 0, 0, 0, 0, 1, 0, 0, 0, 0, 0, 
HeM2020Ro 12-13 and printing, 1, 1, 5, 1, 0, 3, 1, 1, 3, 99, 0, 0, 99, 2, 
JaA2020Go 12-13 and printing, 1, 1, 0, 1, 0, 1, 1, 0, 1, 0, 99, 2, 0, 0, 
JoC2020Si 12-13 and printing, 1, 1, 0, 1, 0, 99, 0, 0, 1, 0, 99, 0, 0, 2, 
KeW2020Da 12-13 and printing, 1, 1, 0, 1, 0, 1, 1, 0, 1, 0, 99, 0, 0, 0, 
MaA2020Mo 12-13 and prinitng, 1, 1, 0, 0, 0, 3, 1, 0, 1, 1, 99, 0, 0, 0, 
MaA2020Pr 12-13 and printing, 1, 1, 0, 1, 0, 3, 1, 0, 2, 1, 99, 2, 0, 0, 
MaC2020Wi 12-13 and printing, 1, 1, 0, 1, 0, 0, 1, 0, 1, 1, 99, 0, 0, 0, 
NiK2020Pr 12-13 and printing, 1, 1, 0, 1, 0, 1, 99, 0, 3, 0, 99, 0, 0, 0, 
NoW2020Is 12-13 and printing, 1, 1, 0, 1, 0, 1, 0, 0, 3, 0, 99, 0, 0, 0, 
SiM2020Wr 12-13 and printing, 1, 1, 0, 0, 0, 1, 1, 0, 1, 0, 99, 0, 0, 99, 
TiP2020Fe 12-13 and printing, 1, 1, 0, 0, 0, 1, 1, 0, 1, 0, 99, 99, 0, 0, 
ZaG2020Sc 12-13 and printing, 1, 1, 0, 1, 0, 0, 1, 0, 1, 0, 99, 0, 0, 0, 
ZaJ2020Ch 12-13 and printing, 1, 1, 0, 1, 0, 1, 1, 0, 3, 0, 99, 0, 0, 0, 
