CTV1
Aat2022Da printing, 1, 1, 0, 3, 0, 1, 1, 0, 3, 0, 0, 1, 1, 1, 
AvJ2022Kl printing, 1, 1, 0, 0, 0, 1, 1, 0, 1, 1, 99, 2, 1, 0, 
CaR2022Ha printing, 1, 1, 0, 0, 0, 1, 0, 1, 3, 1, 99, 2, 0, 0, 
CaL2022Mc printing NO SAMPLE
CoD2022Gi printing, 1, 1, 0, 0, 0, 1, 0, 0, 3, 0, 99, 2, 0, 0, 
EtJ2022Gr printing, 1, 1, 0, 0, 0, 1, 1, 0, 3, 0, 99, 1, 0, 0, 
GrD2022Sm printing, 1, 1, 0, 99, 0, 1, 99, 0, 3, 0, 99, 1, 1, 1, 
JaP2022La printing, 1, 1, 0, 1, 0, 1, 0, 0, 3, 0, 99, 1, 0, 0, 
JaR2022La printing, 1, 1, 0, 1, 0, 1, 0, 0, 3, 0, 99, 1, 0, 0, 
JoP2022Di printing, 1, 1, 0, 0, 0, 1, 0, 0, 1, 1, 0, 0, 1, 2, 
KaM2022Mi printing, 1, 1, 0, 1, 0, 1, 0, 0, 3, 0, 99, 1, 0, 0, 
KyE2022Me printing, 1, 1, 0, 0, 0, 1, 0, 0, 3, 0, 0, 2, 0, 0, 
LiG2022Ol printing, 1, 1, 5, 99, 0, 1, 1, 1, 3, 1, 99, 0, 0, 0, 
MaE2022Fr printing, 1, 1, 5, 4, 0, 1, 1, 1, 3, 1, 99, 0, 0, 0, 
MaG2022Sh printing, 1, 1, 0, 1, 0, 1, 0, 0, 3, 0, 99, 1, 0, 0, 
MaL2022Se printing, 1, 1, 0, 0, 0, 1, 0, 0, 1, 1, 99, 1, 1, 1, 
MaP2022Oe printing, 1, 1, 0, 0, 0, 1, 1, 0, 1, 1, 99, 0, 1, 2, 
MaV2022Co printing, 1, 1, 0, 1, 3, 5, 0, 0, 3, 1, 99, 2, 0, 0, 
MiS2022Co printing, 1, 1, 0, 0, 0, 0, 0, 0, 1, 1, 99, 2, 0, 0, 
TaK2022Ab printing, 1, 1, 0, 0, 0, 1, 1, 0, 1, 1, 99, 1, 0, 0, 
TyB2022Bu printing, 1, 1, 0, 1, 0, 1, 1, 0, 3, 0, 99, 0, 0, 0, 
WiA2022Ch printing, 1, 1, 0, 0, 0, 0, 0, 0, 0, 1, 99, 2, 1, 0, 
ZoM2022Sm printing, 1, 1, 0, 1, 0, 1, 1, 0, 1, 1, 99, 1, 1, 1, 
