CTV1
AlE2020Tr 12-13 and cursive, 1, 0, 1, 1, 1, 1, 0, 2, 0, 0, 99, 2, 0, 0, 
AlG2020Fi 12-13 and cursive, 1, 0, 2, 1, 1, 1, 2, 1, 0, 0, 99, 0, 0, 0, 
AnJ2020Va 12-13 and cursive, 1, 0, 99, 99, 0, 1, 99, 2, 1, 0, 99, 0, 0, 0, 
AsM2020Ha 12-13 and cursive, 1, 0, 1, 1, 1, 0, 0, 99, 0, 0, 99, 0, 0, 0, 
AuG2020Al 12-13 and cursive, less than five samples 
BeL2020Ra 12-13 and cursive, 1, 0, 2, 1, 1, 1, 0, 1, 0, 0, 99, 0, 0, 99, 
BeM2020Se 12-13 and cursive, 1, 0, 2, 1, 1, 1, 0, 99, 0, 99, 99, 0, 0, 99, 
ChH2020An 12-13 and cursive, 1, 0, 1, 1, 0, 1, 0, 1, 0, 0, 1, 0, 0, 2, 
DyD2020Sn 12-13 and cursive, 1, 0, 99, 1, 99, 1, 99, 99, 99, 99, 99, 0, 0, 2, 
ErN2020Ha 12-13 and cursive, 1, 0, 99, 1, 1, 1, 0, 2, 0, 0, 99, 2, 2, 0, 
GrD2020En 12-13 and cursive, 1, 0, 2, 1, 1, 1, 2, 2, 0, 1, 99, 0, 0, 0, 
IsR2020Ch 12-13 and cursive, 1, 0, 2, 1, 0, 1, 0, 1, 1, 99, 99, 99, 2, 2, 
JaM2020Ma 12-13 and cursive, 1, 0, 2, 1, 0, 1, 2, 2, 99, 1, 99, 99, 0, 0, 
JaM2020Sp 12-13 and cursive, 1, 0, 2, 1, 1, 1, 0, 1, 99, 1, 99, 2, 99, 0, 
JoB2020Ry 12-13 and cursive, 1, 0, 99, 1, 0, 1, 99, 1, 99, 3, 99, 0, 0, 0, 
JoS2020Wi 12-13 and cursive, less than five samples 
JoW2020Li 12-13 and cursive, 1, 0, -1, -1, -1, -1, -1, -1, -1, -1, 1, -1, -1, -1, 
JuM2020To 12-13 and cursive, 1, 0, 2, 1, 1, 1, 0, 1, 0, 99, 99, 0, 0, 2, 
LaJ2020Pa 12-13 and cursive, 1, 0, 2, 1, 1, 1, 0, 1, 0, 2, 99, 2, 2, 99, 
LiJ2020Lu 12-13 and cursive, 1, 0, 1, 1, 1, 1, 2, 99, 0, 99, 99, 0, 0, 0, 
LiN2020Em 12-13 and cursive, 1, 0, 99, 1, 1, 1, 99, -1, 0, 3, 99, 0, 0, 2, 
LuT2020Da 12-13 and cursive, 1, 0, 99, 1, 0, 1, 99, 2, 99, 0, 99, 2, 0, 0, 
MaP2020Fe 12-13 and cursive, 1, 0, 1, 1, 99, 1, 0, 1, 0, 1, 99, 0, 0, 0, 
ReT2020Oj 12-13 and cursive, 1, 0, 2, 1, 0, 1, 0, 2, 1, 99, 99, 99, 2, 99, 
Ro_2020Ro 12-13 and cursive, 1, 0, 2, 1, 1, 1, 99, 2, 0, 2, 99, 2, 99, 0, 
